------new_config------rps:600
9.767     0.950000         5609        20.00
36.255     0.950000         5633        20.00
12.055     0.950000         5627        20.00
------new_config------rps:700
11.079     0.950000         6613        20.00
12.759     0.950000         6614        20.00
17.631     0.950000         6620        20.00
------new_config------rps:800
41.055     0.950000         7528        20.00
35.167     0.950000         7543        20.00
26.127     0.950000         7533        20.00
------new_config------rps:900
34.975     0.950000         8376        20.00
13.535     0.950000         8500        20.00
46.015     0.950000         8471        20.00
------new_config------rps:1000
56.895     0.950000         9380        20.00
123.583     0.950000         9384        20.00
213.247     0.950000         9385        20.00
------new_config------rps:1100
308.991     0.950000        10364        20.00
130.751     0.950000        10362        20.00
152.319     0.950000        10407        20.00
------new_config------rps:1200
181.759     0.950000        11401        20.00
263.679     0.950000        10773        20.00
182.399     0.950000        11379        20.00
------new_config------rps:1300
84.095     0.950000        12275        20.00
178.431     0.950000        12273        20.00
313.599     0.950000        12503        20.00
------new_config------rps:1400
1183.743     0.950000        12771        20.00
1189.887     0.950000        13226        20.00
449.535     0.950000        12874        20.00
------new_config------rps:1500
2891.775     0.950000        12971        20.00
867.327     0.950000        13516        20.00
2754.559     0.950000        12055        20.00
